# Created by Octave 8.1.0, Tue Apr 11 13:00:56 2023 -03 <fedgomez@MacBook-Pro-de-Javier.local>
# name: cotas_escuelas_recalculadas
# type: matrix
# rows: 12
# columns: 5
 41 1 6384431.9800000004 6151912.7699999996 20.044911780740257
 4 1 6384479.6500000004 6151094.3700000001 18.80643175859511
 21 1 6387651.5800000001 6153348.5800000001 8.4058456745270309
 16 1 6387157.54 6153205.5099999998 9.6755181420795804
 36 2 6383134.8200000003 6141094.8499999996 24.964053140988657
 61 2 6384044.5599999996 6140996.1100000003 24.935322000935717
 18 2 6387374.1600000001 6147138.3799999999 16.031418981929178
 40 2 6384701.9800000004 6149553.0800000001 16.888550067330662
 35 3 6383505.5199999996 6153400.6500000004 19.952345895499786
 38 3 6385943.7300000004 6155739.3799999999 19.979785093426504
 49 3 6388280 6155257.3099999996 5.4260494160886887
 67 3 6387797.8399999999 6155513.0899999999 8.5440361839610031


