# Created by Octave 8.1.0, Tue Apr 11 13:00:54 2023 -03 <fedgomez@MacBook-Pro-de-Javier.local>
# name: escuelas_varela
# type: matrix
# rows: 4
# columns: 5
 36 2 6383134.8200000003 6141094.8499999996 23.968082899999999
 61 2 6384044.5599999996 6140996.1100000003 23.758267199999999
 18 2 6387374.1600000001 6147138.3799999999 16.550265499999998
 40 2 6384701.9800000004 6149553.0800000001 16.8550626


