# Created by Octave 8.1.0, Tue Apr 11 13:00:54 2023 -03 <fedgomez@MacBook-Pro-de-Javier.local>
# name: escuelas_quilmes
# type: matrix
# rows: 4
# columns: 5
 35 3 6383505.5199999996 6153400.6500000004 19.1370991
 38 3 6385943.7300000004 6155739.3799999999 18.7562812
 49 3 6388280 6155257.3099999996 6.7531419699999997
 67 3 6387797.8399999999 6155513.0899999999 9.0931700299999996


