# Created by Octave 8.1.0, Tue Apr 11 13:00:54 2023 -03 <fedgomez@MacBook-Pro-de-Javier.local>
# name: escuelas_berazategui
# type: matrix
# rows: 4
# columns: 5
 41 1 6384431.9800000004 6151912.7699999996 19.053066099999999
 4 1 6384479.6500000004 6151094.3700000001 18.1857565
 21 1 6387651.5800000001 6153348.5800000001 10.015453900000001
 16 1 6387157.54 6153205.5099999998 11.151219599999999


